{
 "cells": [
  {
   "cell_type": "markdown",
   "id": "c6dab4f8",
   "metadata": {},
   "source": [
    "# Advanced: Using NumPy\n",
    "\n",
    "`numpy` package is the useful package for mathematical functions.\n",
    "\n",
    "The following example shows the numbers of the products."
   ]
  },
  {
   "cell_type": "code",
   "execution_count": 1,
   "id": "cc5fb4f4",
   "metadata": {},
   "outputs": [
    {
     "data": {
      "text/plain": [
       "array([[  1,   2,   3,   4,   5,   6,   7,   8,   9,  10,  11,  12],\n",
       "       [  2,   4,   6,   8,  10,  12,  14,  16,  18,  20,  22,  24],\n",
       "       [  3,   6,   9,  12,  15,  18,  21,  24,  27,  30,  33,  36],\n",
       "       [  4,   8,  12,  16,  20,  24,  28,  32,  36,  40,  44,  48],\n",
       "       [  5,  10,  15,  20,  25,  30,  35,  40,  45,  50,  55,  60],\n",
       "       [  6,  12,  18,  24,  30,  36,  42,  48,  54,  60,  66,  72],\n",
       "       [  7,  14,  21,  28,  35,  42,  49,  56,  63,  70,  77,  84],\n",
       "       [  8,  16,  24,  32,  40,  48,  56,  64,  72,  80,  88,  96],\n",
       "       [  9,  18,  27,  36,  45,  54,  63,  72,  81,  90,  99, 108],\n",
       "       [ 10,  20,  30,  40,  50,  60,  70,  80,  90, 100, 110, 120],\n",
       "       [ 11,  22,  33,  44,  55,  66,  77,  88,  99, 110, 121, 132],\n",
       "       [ 12,  24,  36,  48,  60,  72,  84,  96, 108, 120, 132, 144]])"
      ]
     },
     "execution_count": 1,
     "metadata": {},
     "output_type": "execute_result"
    }
   ],
   "source": [
    "import numpy as np\n",
    "\n",
    "array_1 = np.arange(1, 13)\n",
    "x = array_1.reshape((1, -1))\n",
    "x.T @ x"
   ]
  }
 ],
 "metadata": {
  "kernelspec": {
   "display_name": ".venv (3.14.6.final.0)",
   "language": "python",
   "name": "python3"
  },
  "language_info": {
   "codemirror_mode": {
    "name": "ipython",
    "version": 3
   },
   "file_extension": ".py",
   "mimetype": "text/x-python",
   "name": "python",
   "nbconvert_exporter": "python",
   "pygments_lexer": "ipython3",
   "version": "3.14.6"
  }
 },
 "nbformat": 4,
 "nbformat_minor": 5
}
